base_offset: -1
elbow_offset: 6
gripper_closed: 0.975988117715229
gripper_opened: -1.1770500475449757
shoulder_offset: -27
wristRotation_offset: -9
wrist_offset: -6
